00000000000000000000000000000000
00000000000000000000000000000000
00000000000000000000000000000000
00000000000000000000000000000000
00000000001000100101000000100100
00000000000000000000000000000000
00000000000000000000000000000000
00000000000000000000000000000000
00000000010001000101100000100101
00000000000000000000000000000000
00000000000000000000000000000000
00000000000000000000000000000000
00000000011001100110000000100000
00000000000000000000000000000000
00000000000000000000000000000000
00000000000000000000000000000000
00000001001001000110100000100010
00000000000000000000000000000000
00000000000000000000000000000000
00000000000000000000000000000000
00000001000001110111000000101010
00000000000000000000000000000000
00000000000000000000000000000000
00000000000000000000000000000000
00100000101011110000000000000100
00000000000000000000000000000000
00000000000000000000000000000000
00000000000000000000000000000000
00110100110100000000000000001011
00000000000000000000000000000000
00000000000000000000000000000000
00000000000000000000000000000000
00110001001100010000000000001100
00000000000000000000000000000000
00000000000000000000000000000000
00000000000000000000000000000000
10001100100101010000000000000010
00000000000000000000000000000000
00000000000000000000000000000000
00000000000000000000000000000000
10101100011001000000000000000110
00000000000000000000000000000000
00000000000000000000000000000000
00000000000000000000000000000000
00101000110100100000000000001001
00000000000000000000000000000000
00000000000000000000000000000000
00000000000000000000000000000000
00010001100011010000000000000001
00000000000000000000000000000000
00000000000000000000000000000000
00000000000000000000000000000000
00100010000100110000000000000100
00000000000000000000000000000000
00000000000000000000000000000000
00000000000000000000000000000000
00100000000101000000000000001001
